Max |u(xi) - v(xi)| 0.000492361
            N|           Xi|        v(xi)|       V2(xi)| v(xi)-V2(xi)|            0|            0|            1|            1|            0|
            1|         0.01|     0.997388|     0.997381|  7.26111e-06|
            2|         0.02|     0.994811|     0.994797|   1.4592e-05|
            3|         0.03|      0.99227|     0.992248|  2.19942e-05|
            4|         0.04|     0.989766|     0.989736|  2.94693e-05|
            5|         0.05|     0.987299|     0.987262|  3.70189e-05|
            6|         0.06|      0.98487|     0.984826|  4.46448e-05|
            7|         0.07|     0.982481|     0.982429|  5.23485e-05|
            8|         0.08|     0.980133|     0.980073|   6.0132e-05|
            9|         0.09|     0.977826|     0.977758|  6.79971e-05|
           10|          0.1|     0.975563|     0.975487|  7.59455e-05|
           11|         0.11|     0.973344|      0.97326|  8.39793e-05|
           12|         0.12|     0.971172|      0.97108|  9.21005e-05|
           13|         0.13|     0.969047|     0.968947|  0.000100311|
           14|         0.14|     0.966972|     0.966863|  0.000108613|
           15|         0.15|     0.964948|     0.964831|  0.000117009|
           16|         0.16|     0.962977|     0.962851|  0.000125501|
           17|         0.17|     0.961061|     0.960927|   0.00013409|
           18|         0.18|     0.959203|      0.95906|  0.000142781|
           19|         0.19|     0.957405|     0.957253|  0.000151574|
           20|          0.2|     0.955669|     0.955508|  0.000160473|
           21|         0.21|     0.953997|     0.953827|   0.00016948|
           22|         0.22|     0.952393|     0.952214|  0.000178598|
           23|         0.23|     0.950858|      0.95067|  0.000187829|
           24|         0.24|     0.949397|       0.9492|  0.000197176|
           25|         0.25|     0.948011|     0.947805|  0.000206642|
           26|         0.26|     0.946705|     0.946489|  0.000216231|
           27|         0.27|     0.945481|     0.945255|  0.000225944|
           28|         0.28|     0.944343|     0.944108|  0.000235786|
           29|         0.29|     0.943295|     0.943049|  0.000245759|
           30|          0.3|      0.94234|     0.942084|  0.000255867|
           31|         0.31|     0.941481|     0.941215|  0.000266114|
           32|         0.32|     0.940724|     0.940448|  0.000276501|
           33|         0.33|     0.940073|     0.939786|  0.000287035|
           34|         0.34|     0.939531|     0.939233|  0.000297717|
           35|         0.35|     0.939103|     0.938795|  0.000308551|
           36|         0.36|     0.938794|     0.938475|  0.000319543|
           37|         0.37|     0.938609|     0.938279|  0.000330695|
           38|         0.38|     0.938553|     0.938211|  0.000342013|
           39|         0.39|     0.938631|     0.938277|  0.000353499|
           40|          0.4|     0.938847|     0.938482|  0.000365159|
           41|         0.41|     0.939209|     0.938832|  0.000376997|
           42|         0.42|     0.939721|     0.939332|  0.000389017|
           43|         0.43|      0.94039|     0.939989|  0.000401225|
           44|         0.44|     0.941221|     0.940808|  0.000413626|
           45|         0.45|     0.942222|     0.941795|  0.000426224|
           46|         0.46|     0.943397|     0.942958|  0.000439024|
           47|         0.47|     0.944754|     0.944302|  0.000452032|
           48|         0.48|       0.9463|     0.945835|  0.000465254|
           49|         0.49|     0.948042|     0.947563|  0.000478695|
           50|          0.5|     0.949986|     0.949494|  0.000492361|
           51|         0.51|     0.951974|     0.951499|  0.000474384|
           52|         0.52|     0.953965|     0.953501|  0.000463914|
           53|         0.53|     0.955949|     0.955496|  0.000453497|
           54|         0.54|     0.957926|     0.957482|  0.000443132|
           55|         0.55|     0.959893|      0.95946|  0.000432817|
           56|         0.56|      0.96185|     0.961428|  0.000422551|
           57|         0.57|     0.963795|     0.963383|  0.000412334|
           58|         0.58|     0.965728|     0.965326|  0.000402164|
           59|         0.59|     0.967645|     0.967253|  0.000392039|
           60|          0.6|     0.969546|     0.969164|  0.000381959|
           61|         0.61|     0.971429|     0.971057|  0.000371922|
           62|         0.62|     0.973291|     0.972929|  0.000361926|
           63|         0.63|     0.975131|     0.974779|  0.000351971|
           64|         0.64|     0.976947|     0.976605|  0.000342055|
           65|         0.65|     0.978736|     0.978404|  0.000332177|
           66|         0.66|     0.980496|     0.980174|  0.000322334|
           67|         0.67|     0.982225|     0.981912|  0.000312527|
           68|         0.68|      0.98392|     0.983617|  0.000302752|
           69|         0.69|     0.985578|     0.985285|   0.00029301|
           70|          0.7|     0.987196|     0.986913|  0.000283298|
           71|         0.71|     0.988773|     0.988499|  0.000273616|
           72|         0.72|     0.990304|      0.99004|  0.000263961|
           73|         0.73|     0.991787|     0.991533|  0.000254333|
           74|         0.74|     0.993218|     0.992974|   0.00024473|
           75|         0.75|     0.994595|      0.99436|   0.00023515|
           76|         0.76|     0.995914|     0.995688|  0.000225593|
           77|         0.77|     0.997171|     0.996955|  0.000216057|
           78|         0.78|     0.998363|     0.998156|  0.000206541|
           79|         0.79|     0.999486|     0.999289|  0.000197044|
           80|          0.8|      1.00054|      1.00035|  0.000187563|
           81|         0.81|      1.00151|      1.00133|  0.000178099|
           82|         0.82|      1.00241|      1.00224|   0.00016865|
           83|         0.83|      1.00322|      1.00306|  0.000159214|
           84|         0.84|      1.00394|      1.00379|  0.000149791|
           85|         0.85|      1.00457|      1.00443|   0.00014038|
           86|         0.86|       1.0051|      1.00497|   0.00013098|
           87|         0.87|      1.00554|      1.00542|  0.000121588|
           88|         0.88|      1.00587|      1.00576|  0.000112206|
           89|         0.89|      1.00609|      1.00598|  0.000102831|
           90|          0.9|      1.00619|       1.0061|   9.3463e-05|
           91|         0.91|      1.00618|       1.0061|   8.4101e-05|
           92|         0.92|      1.00605|      1.00597|  7.47441e-05|
           93|         0.93|      1.00578|      1.00572|  6.53918e-05|
           94|         0.94|      1.00539|      1.00534|  5.60432e-05|
           95|         0.95|      1.00486|      1.00481|  4.66978e-05|
           96|         0.96|      1.00419|      1.00415|   3.7355e-05|
           97|         0.97|      1.00337|      1.00335|  2.80143e-05|
           98|         0.98|      1.00241|      1.00239|  1.86751e-05|
           99|         0.99|      1.00128|      1.00127|  9.33717e-06|
          100|            1|            1|            1|            0|
